[gd_scene load_steps=14 format=3 uid="uid://t4fbbawj5o62"]

[ext_resource type="PackedScene" uid="uid://b8cdldlku4sl3" path="res://scenes/enemy.tscn" id="1_r8tpu"]
[ext_resource type="PackedScene" uid="uid://bxpuu3k1gsq1y" path="res://scenes/player.tscn" id="2_u2dyu"]
[ext_resource type="PackedScene" uid="uid://dyw07ck24medd" path="res://scenes/player_camera.tscn" id="2_uxko0"]
[ext_resource type="PackedScene" uid="uid://xkldu6k6j0rc" path="res://scenes/health_gui.tscn" id="3_mldlj"]

[sub_resource type="BoxShape3D" id="BoxShape3D_c7qyg"]
size = Vector3(35.3279, 0.108616, 24.0809)

[sub_resource type="BoxMesh" id="BoxMesh_r73k2"]

[sub_resource type="StandardMaterial3D" id="StandardMaterial3D_mkmwe"]
albedo_color = Color(1, 1, 0.2, 1)

[sub_resource type="BoxShape3D" id="BoxShape3D_vs6qx"]
size = Vector3(0.445831, 7.93675, 5.96804)

[sub_resource type="BoxMesh" id="BoxMesh_k6b0l"]

[sub_resource type="StandardMaterial3D" id="StandardMaterial3D_8sfh0"]
albedo_color = Color(1, 0.364706, 1, 1)

[sub_resource type="BoxShape3D" id="BoxShape3D_iwa4a"]
size = Vector3(15, 0.5, 20)

[sub_resource type="BoxMesh" id="BoxMesh_2466g"]
size = Vector3(15, 0.5, 20)

[sub_resource type="StandardMaterial3D" id="StandardMaterial3D_wv3hk"]
albedo_color = Color(0.156863, 1, 1, 1)

[node name="World" type="Node3D"]

[node name="Player" parent="." instance=ExtResource("2_u2dyu")]
transform = Transform3D(1, 0, 0, 0, 1, 0, 0, 0, 1, -16.1919, 2.02822, 1.51755)

[node name="PlayerCamera" parent="." instance=ExtResource("2_uxko0")]

[node name="DirectionalLight3D" type="DirectionalLight3D" parent="."]
transform = Transform3D(0.384616, 0.686098, -0.617527, -0.362723, 0.727509, 0.582376, 0.848824, 0, 0.528675, -15.1973, 0, 4.36303)

[node name="Health" parent="." instance=ExtResource("3_mldlj")]

[node name="Isle" type="Node3D" parent="."]

[node name="Island" type="StaticBody3D" parent="Isle"]
transform = Transform3D(1, 0, 0, 0, 1, 0, 0, 0, 1, 0, 0.119395, 0)
collision_mask = 0
metadata/_edit_group_ = true

[node name="CollisionShape3D" type="CollisionShape3D" parent="Isle/Island"]
shape = SubResource("BoxShape3D_c7qyg")

[node name="MeshInstance3D" type="MeshInstance3D" parent="Isle/Island"]
transform = Transform3D(35.3071, 0, 0, 0, 0.129326, 0, 0, 0, 24.078, 0, 0, 0)
mesh = SubResource("BoxMesh_r73k2")
surface_material_override/0 = SubResource("StandardMaterial3D_mkmwe")

[node name="Wall" type="StaticBody3D" parent="Isle"]
transform = Transform3D(1, 0, 0, 0, -4.37114e-08, -1, 0, 1, -4.37114e-08, -13.4459, -0.326635, 0)
collision_mask = 0
metadata/_edit_group_ = true

[node name="CollisionShape3D" type="CollisionShape3D" parent="Isle/Wall"]
shape = SubResource("BoxShape3D_vs6qx")

[node name="MeshInstance3D" type="MeshInstance3D" parent="Isle/Wall"]
transform = Transform3D(0.413147, 0, 0, 0, 7.81209, 0, 0, 0, 6.01726, 0, 0, 0)
mesh = SubResource("BoxMesh_k6b0l")
surface_material_override/0 = SubResource("StandardMaterial3D_8sfh0")

[node name="Enemy" parent="Isle" instance=ExtResource("1_r8tpu")]
transform = Transform3D(1, 0, 0, 0, 1, 0, 0, 0, 1, -0.431833, 2.02822, -3.96733)

[node name="Enemy2" parent="Isle" instance=ExtResource("1_r8tpu")]
transform = Transform3D(1, 0, 0, 0, 1, 0, 0, 0, 1, 8.27407, 2.02822, -2.05308)

[node name="Enemy3" parent="Isle" instance=ExtResource("1_r8tpu")]
transform = Transform3D(1, 0, 0, 0, 1, 0, 0, 0, 1, 10.0947, 2.02822, 6.1846)

[node name="Enemy4" parent="Isle" instance=ExtResource("1_r8tpu")]
transform = Transform3D(1, 0, 0, 0, 1, 0, 0, 0, 1, 0.647035, 2.02822, 4.62252)

[node name="Enemy5" parent="Isle" instance=ExtResource("1_r8tpu")]
transform = Transform3D(1, 0, 0, 0, 1, 0, 0, 0, 1, 4.84278, 2.02822, 8.33738)

[node name="Enemy6" parent="Isle" instance=ExtResource("1_r8tpu")]
transform = Transform3D(1, 0, 0, 0, 1, 0, 0, 0, 1, -7.02699, 2.02822, -5.55688)

[node name="Enemy7" parent="Isle" instance=ExtResource("1_r8tpu")]
transform = Transform3D(1, 0, 0, 0, 1, 0, 0, 0, 1, -9.7717, 2.02822, 1.17305)

[node name="Enemy8" parent="Isle" instance=ExtResource("1_r8tpu")]
transform = Transform3D(1, 0, 0, 0, 1, 0, 0, 0, 1, -5.09001, 2.02822, 1.14066)

[node name="Isle2" type="Node3D" parent="."]
transform = Transform3D(0.659438, 0, -0.751759, 0, 1, 0, 0.751759, 0, 0.659438, 25.0314, 9.03162, 17.1407)

[node name="Island" type="StaticBody3D" parent="Isle2"]
metadata/_edit_group_ = true

[node name="CollisionShape3D" type="CollisionShape3D" parent="Isle2/Island"]
shape = SubResource("BoxShape3D_iwa4a")

[node name="MeshInstance3D" type="MeshInstance3D" parent="Isle2/Island"]
mesh = SubResource("BoxMesh_2466g")
surface_material_override/0 = SubResource("StandardMaterial3D_wv3hk")

[node name="Enemy" parent="Isle2" instance=ExtResource("1_r8tpu")]
transform = Transform3D(0.659438, 0, 0.75176, 0, 1, 0, -0.75176, 0, 0.659438, -55.2724, -2.45774, -12.8527)

[node name="Enemy2" parent="Isle2" instance=ExtResource("1_r8tpu")]
transform = Transform3D(0.659438, 0, 0.75176, 0, 1, 0, -0.75176, 0, 0.659438, -49.7332, -2.45774, -19.3519)

[node name="Enemy3" parent="Isle2" instance=ExtResource("1_r8tpu")]
transform = Transform3D(0.659438, 0, 0.75176, 0, 1, 0, -0.75176, 0, 0.659438, -46.4721, -2.45774, -16.7594)

[node name="Enemy4" parent="Isle2" instance=ExtResource("1_r8tpu")]
transform = Transform3D(0.659438, 0, 0.75176, 0, 1, 0, -0.75176, 0, 0.659438, -45.1901, -2.45774, -13.4515)

[node name="Enemy5" parent="Isle2" instance=ExtResource("1_r8tpu")]
transform = Transform3D(0.659438, 0, 0.75176, 0, 1, 0, -0.75176, 0, 0.659438, -50.5691, -2.45774, -14.3931)

[node name="Enemy6" parent="Isle2" instance=ExtResource("1_r8tpu")]
transform = Transform3D(0.659438, 0, 0.751761, 0, 1, 0, -0.751761, 0, 0.659438, -52.452, -2.45774, -8.90634)

[node name="Enemy7" parent="Isle2" instance=ExtResource("1_r8tpu")]
transform = Transform3D(0.659438, 0, 0.751761, 0, 1, 0, -0.751761, 0, 0.659438, -47.8492, -2.45774, -24.0278)

[node name="Enemy8" parent="Isle2" instance=ExtResource("1_r8tpu")]
transform = Transform3D(0.659438, 0, 0.751761, 0, 1, 0, -0.751761, 0, 0.659438, -55.5075, -2.45774, -18.4551)

[node name="Isle3" type="Node3D" parent="."]
transform = Transform3D(0.228181, 0, 0.973619, 0, 1, 0, -0.973619, 0, 0.228181, 5.15255, 4.44464, -30.9527)

[node name="Island2" type="StaticBody3D" parent="Isle3"]
metadata/_edit_group_ = true

[node name="CollisionShape3D" type="CollisionShape3D" parent="Isle3/Island2"]
shape = SubResource("BoxShape3D_iwa4a")

[node name="MeshInstance3D" type="MeshInstance3D" parent="Isle3/Island2"]
mesh = SubResource("BoxMesh_2466g")
surface_material_override/0 = SubResource("StandardMaterial3D_wv3hk")

[node name="Enemy" parent="Isle3" instance=ExtResource("1_r8tpu")]
transform = Transform3D(1, 0, 0, 0, 1, 0, 0, 0, 1, -45.2706, 6.30717, 31.027)

[node name="Enemy2" parent="Isle3" instance=ExtResource("1_r8tpu")]
transform = Transform3D(1, 0, 0, 0, 1, 0, 0, 0, 1, -38.3905, 6.30717, 36.3089)

[node name="Enemy3" parent="Isle3" instance=ExtResource("1_r8tpu")]
transform = Transform3D(1, 0, 0, 0, 1, 0, 0, 0, 1, -45.7898, 6.30717, 24.4175)

[node name="Enemy6" parent="Isle3" instance=ExtResource("1_r8tpu")]
transform = Transform3D(1, 0, 0, 0, 1, 0, 0, 0, 1, -40.6013, 6.30717, 27.6026)

[node name="Enemy7" parent="Isle3" instance=ExtResource("1_r8tpu")]
transform = Transform3D(1, 0, 0, 0, 1, 0, 0, 0, 1, -34.1971, 6.30717, 30.8286)

[node name="Enemy8" parent="Isle3" instance=ExtResource("1_r8tpu")]
transform = Transform3D(1, 0, 0, 0, 1, 0, 0, 0, 1, -50.2058, 6.30717, 29.7036)

[node name="Enemy4" parent="Isle3" instance=ExtResource("1_r8tpu")]
transform = Transform3D(1, 0, 0, 0, 1, 0, 0, 0, 1, -40.1583, 6.30717, 32.0925)

[node name="Enemy5" parent="Isle3" instance=ExtResource("1_r8tpu")]
transform = Transform3D(1, 0, 0, 0, 1, 0, 0, 0, 1, -43.5625, 6.30717, 34.6175)
